0  1483.32  1872.99  216.461  338.173  1705.59  500.432  960.243  1484.69  136.064  260.328  3917.09  
1675.59  0  42055.1  8081.37  7519.08  30552.3  21699.8  19306.2  16816.5  3577.71  9874.08  82796.5  
407.763  19913.9  0  12884  13758.4  50170.5  13358  18491.5  6364.86  6849.09  9254.13  28646.1  
542.896  13148.8  81088.5  0  18695.9  44975.7  19532.8  9799.87  34389.9  16678.1  27249.7  63204.9  
578.949  6639.47  27962.3  3189.69  0  12378.8  3975.62  8209.9  16899.9  1301.39  2964.12  14701.2  
1032.79  41488.7  154496  18709.7  14399.3  0  20157.8  52672.1  41199.3  5991.35  19016.5  64720  
2874.37  9645.71  45371  16034.2  4860.21  17376  0  5031.27  5304.41  2463.76  4182.92  16698.1  
1218.25  22409.6  113548  13943.9  10949.3  45619.8  8964.62  0  62826.8  9910.39  28703.5  65993.1  
5082.85  71595.9  70282.3  37603.2  22004.6  115024  34715.6  65811.1  0  11941  25884.3  201605  
220.349  3017.35  6875.74  6227.37  804.536  2728.19  1079.31  25072.9  3181.11  0  62218.7  5471.43  
359.293  18432  84059.5  7004.98  4179.51  23234.7  6636.9  33503.4  22461.8  9965.47  0  23278.8  
16358.1  103346  112611  52926.8  36791.9  104880  27254.1  70625.2  224424  9499  40714.9  0  