0  606.648  1981.87  1336.73  279.973  765.04  930.424  906.589  1052.08  464.675  216.261  2692.76  
300.44  0  28224.8  8279.3  8292.77  31722.9  8822.97  27766.6  29775  3591.17  7460.86  73830  
4573.42  17734.5  0  15545.6  21380  36615.8  9488.64  1.01574e+006  7910.14  8792.91  9446.57  12364.4  
1080.76  7747.87  57840.9  0  17591.7  32790  26575  9451.23  22227.1  14604.7  15871.2  64297.9  
2042.94  5958.43  19321.8  4972.77  0  13699.7  5134.29  9052.03  6425.33  2869.97  5110.02  8751.63  
1260.78  28423.4  96569.6  26786.3  8139.3  0  12573.9  47666.4  38685.9  9634.47  14258  52990.1  
746.019  7395.76  49525.2  9620.78  7570.74  14672.4  0  7207.12  10380.8  3174.95  5995.06  15006  
2409.02  29228.8  106102  18254.6  10741.7  47871.5  11648.9  0  69378.4  13641.6  30602.9  89862.4  
2269.44  66356.6  75660.7  50311.1  41341.9  89138.4  23050.5  101108  0  14982.4  38702.1  199208  
494.739  1110.58  9002.81  3673.02  1119.29  4541.06  950.72  42059.7  3183.65  0  75305.9  5499.11  
791.048  13702.7  65518.8  4608.14  4513.45  30788.7  4713.72  33726.6  31531.2  8647.41  0  22014.3  
1736.45  124913  114993  79589.4  19895.8  98156.4  14503.8  103255  185558  13290.4  34104.3  0  