0  335.501  719.888  0  106.667  439.44  118.251  414.877  575.963  122.008  202.707  4944.37  
227.099  0  26441  3359.83  3158.43  21966.9  3077.24  13084.6  14788.7  2709.72  3701.34  85604.6  
76.5707  23422  0  6570.53  10387.6  11586.4  4558.98  21979.7  5535.51  2267.59  12556.4  10843  
0  12505.3  65684  0  11507.4  25648.3  19879.1  6360.55  29389.3  10945.1  12360.7  59620.3  
128.96  4015.71  38342.2  1998.83  0  4404.86  2798.89  99692.9  7010.81  1143.23  1531.48  5306.33  
53.3333  18382.7  124155  18453  6057.81  0  11110.2  42737.8  38800.2  4472.9  9457.08  53884.7  
0  6184.16  56092.2  9484.89  3322.52  33110.5  0  4873.89  5813.37  1673.17  6336.62  10835.7  
192.243  28827.1  141844  12088.2  4930.44  36987.4  4814.58  0  53294.9  9737.06  20745.5  56603.3  
324.853  39338.5  64414.2  27227.6  20088.4  58145.5  15102.6  56449.2  0  11563.3  21765.9  75197.3  
75.6293  646.115  6889.25  5062.93  221.384  2221.75  1084.71  33849.3  3944.25  0  62084.9  905.293  
217.581  8347.61  70270.3  3171.27  1565.17  10950.6  3029.31  19304.1  19868.1  3187.48  0  13148.7  
168.611  129810  65768.9  51857.5  20318.8  73188.8  10321.5  66907.1  180984  8046.3  34039.9  0  