0  1098.39  2426.42  1393.97  407.856  824.845  246.184  748.584  576.704  270.36  418.235  4005.36  
928.139  0  23734.6  5885.7  10726.9  35279.7  9995.94  28897.8  28335.4  2992.97  14764  82747.1  
4268.11  23146.5  0  14717.1  16041.4  42842.2  7619.32  2.51433e+006  6120.01  8718.7  8944.33  23422.9  
686.824  13532.5  54158.9  0  18045.5  33870  25722.7  20759.4  25940.5  13143.3  16838.3  60998.9  
2720.71  5227.02  20129  4442.89  0  11300.1  8150.87  102975  8400.74  1006.46  5289.97  9156.23  
1351.61  23895.6  97643.2  26748.8  10405.6  0  23375.6  106499  42558.5  9418.84  16090.8  52105.9  
1287.69  6885.6  47007.4  8839.67  9416.97  15194.5  0  7232.68  10363  1329.91  3346.66  19880.2  
1376.6  33120.7  120887  17335.4  22660.8  60500.2  12733.1  0  63001  9296.07  36357.4  69956  
2656.05  59809.3  71502.4  45917.3  46746.2  98639.1  25831.3  104737  0  16332.6  38240.9  209725  
476.859  1666.48  9262.43  14383.7  1536.91  5372.12  1961.34  42969.1  1759.03  0  72158.2  4808.56  
106.197  13306.1  68447.6  4211.44  4814.29  36991.8  4655.7  34834  26318.3  8460.51  0  15052.2  
2954.72  133553  111410  68968.4  20236.2  70570.4  20860.7  96410.8  197950  16026.7  36431.9  0  