0  687.763  1645.6  2518.72  821.141  1698.91  504.28  1811.94  309.483  484.073  219.029  2258.91  
1315.39  0  27753.9  7877.71  8174.68  37435.6  9423.75  28676.7  30187  2987.54  8623.93  78053.1  
4467.34  15826.3  0  10166.1  23601.9  31677.5  8062.87  31600.6  9092.99  7302.26  8832.91  16858.9  
645.373  7076.48  52832.8  0  17583.7  34150.3  11155.4  10595  24574.4  11869.3  12267.6  50555.9  
831.853  3734.26  23108.2  5084.29  0  13239  3398.2  68001.3  6176.8  3485.03  4954.19  12092.2  
1347.16  23820.8  96127.5  29242.2  8436.53  0  11210.3  34093.1  34568.9  10845.4  13892.8  57593.5  
1377.98  6861.1  46370.5  15026.2  5193.47  18338.5  0  8172.67  10606.8  2521.25  4105.28  15862.5  
1373.89  30760.4  115045  16287.4  11290.3  47642.1  11856.9  0  61192.5  12634.6  31640.9  71118.2  
3347.06  54881.9  71106.4  46965.2  46338.4  96062.2  25138  107949  0  13454.1  38775.1  172118  
212.256  852.373  7377.99  9495.73  1203.14  2954.92  479.016  41483  2448.23  0  67751.1  4634.01  
677.563  13497.5  64602  6774.83  5733.8  24353.5  5436.71  35916.8  32851.9  7405.41  0  21601.3  
2864.72  109384  125986  63678.3  29590.3  90768.3  17163.6  106628  173274  13378.4  37911.3  0  